#
# Sprite sheet data for MonoGame.
#
# To learn how to import these sprites into your MonoGame project visit:
# http://www.codeandweb.com/texturepacker/monogame
#
# Sprite sheet: vamp.png (400 x 400)
# $TexturePacker:SmartUpdate:345080271cbdf981ea6b6fad0d547834:cc69781c3fef1a612b1e2f6b8d59219c:14b7cfdaca6f575dd3375179a1c0b2cf$
#

vamp_l_3_4_0001;0;1;1;64;64;64;64;0.5;0.5
vamp_l_3_4_0002;0;1;67;64;64;64;64;0.5;0.5
vamp_l_3_4_0003;0;1;133;64;64;64;64;0.5;0.5
vamp_l_3_4_0004;0;1;199;64;64;64;64;0.5;0.5
vamp_l_3_4_0005;0;1;265;64;64;64;64;0.5;0.5
vamp_l_3_4_0006;0;1;331;64;64;64;64;0.5;0.5
vamp_l_3_4_0007;0;67;1;64;64;64;64;0.5;0.5
vamp_l_3_4_0008;0;133;1;64;64;64;64;0.5;0.5
vamp_l_3_4_0009;0;199;1;64;64;64;64;0.5;0.5
vamp_l_3_4_0010;0;265;1;64;64;64;64;0.5;0.5
vamp_l_3_4_0011;0;331;1;64;64;64;64;0.5;0.5
vamp_l_3_4_0012;0;67;67;64;64;64;64;0.5;0.5
vamp_l_3_4_0013;0;67;133;64;64;64;64;0.5;0.5
vamp_l_3_4_0014;0;67;199;64;64;64;64;0.5;0.5
vamp_l_3_4_0015;0;67;265;64;64;64;64;0.5;0.5
vamp_l_3_4_0016;0;67;331;64;64;64;64;0.5;0.5
vamp_l_3_4_0017;0;133;67;64;64;64;64;0.5;0.5
vamp_l_3_4_0018;0;199;67;64;64;64;64;0.5;0.5
vamp_l_3_4_0019;0;265;67;64;64;64;64;0.5;0.5
vamp_l_3_4_0020;0;331;67;64;64;64;64;0.5;0.5
vamp_l_3_4_0021;0;133;133;64;64;64;64;0.5;0.5
vamp_l_3_4_0022;0;133;199;64;64;64;64;0.5;0.5
vamp_l_3_4_0023;0;133;265;64;64;64;64;0.5;0.5
vamp_l_3_4_0024;0;133;331;64;64;64;64;0.5;0.5
vamp_l_3_4_0025;0;199;133;64;64;64;64;0.5;0.5
vamp_l_3_4_0026;0;265;133;64;64;64;64;0.5;0.5
vamp_l_3_4_0027;0;331;133;64;64;64;64;0.5;0.5
vamp_l_3_4_0028;0;199;199;64;64;64;64;0.5;0.5
vamp_l_3_4_0029;0;199;265;64;64;64;64;0.5;0.5
vamp_l_3_4_0030;0;199;331;64;64;64;64;0.5;0.5
vamp_l_3_4_0031;0;265;199;64;64;64;64;0.5;0.5
vamp_l_3_4_0032;0;331;199;64;64;64;64;0.5;0.5
vamp_l_3_4_0033;0;331;199;64;64;64;64;0.5;0.5